1 2 3 4 5 16 17 18 19 6 15 24 0 20 7 14 23 22 21 8 13 12 11 10 9 
1 3 4 19 5 16 2 18 6 7 24 17 20 21 8 15 14 22 11 10 13 23 12 9 0
4 3 4 4
3 3 4 3
2 3 3 3
2 2 2 3
2 1 2 2
2 0 2 1
3 0 2 0
3 1 3 0
4 1 3 1
4 2 4 1
4 3 4 2
4 4 4 3
3 4 4 4
2 4 3 4
1 4 2 4
1 3 1 4
0 3 1 3
0 2 0 3
0 1 0 2
1 1 0 1
1 2 1 1
1 3 1 2
2 3 1 3
3 3 2 3
4 3 3 3
4 2 4 3
3 2 4 2
3 1 3 2
2 1 3 1
2 2 2 1
2 3 2 2
2 4 2 3
3 4 2 4
3 3 3 4
3 2 3 3
4 2 3 2
4 3 4 2
4 4 4 3
3 4 4 4
2 4 3 4
2 3 2 4
2 2 2 3
3 2 2 2
3 3 3 2
2 3 3 3
1 3 2 3
1 2 1 3
1 1 1 2
2 1 1 1
3 1 2 1
3 2 3 1
2 2 3 2
